2286
572
2865
217
460
3130
2879
2797
2232
389
969
1000
3050
25
1759
1530
775
237
124
504
162
203
94
2361
2516
1478
2742
629
485
1217
1473
2936
970
1788
2186
1497
3158
569
2994
1777
3071
2462
150
2127
2676
3000
2449
1160
2632
1940
1538
2254
9
784
1046
3095
2822
1410
748
2800
974
2726
2406
2068
2920
2673
3151
2
213
2633
1957
1589
2004
1767
2599
258
70
562
2888
679
2868
2404
2285
1051
2860
831
3125
1057
2758
3160
907
1122
1740
1337
3171
1071
2875
1503
381
384
2672
2857
2740
2508
750
2158
2244
1353
2105
699
1325
1795
3006
1638
1193
2346
1515
2526
2973
3092
1596
724
1355
1809
348
2417
101
1743
2503
2642
2182
193
158
2578
1754
1965
1925
1119
1288
2112
2837
2509
933
1039
2329
2436
944
1370
1384
1357
32
645
717
1951
2160
2873
531
2579
1734
3150
486
1627
1201
1481
395
2929
2234
787
832
2691
2306
96
1978
1720
1088
91
671
779
2423
2993
1341
1031
2568
1842
2171
1367
920
3175
2494
2722
2039
294
3061
58
1672
571
2420
598
611
746
2280
2663
1456
1681
1982
1138
1233
1299
1381
788
1805
778
2343
2475
2382
2034
2371
1663
1028
1563
1364
1226
500
2386
2469
90
1296
1116
2801
2481
619
1854
194
2397
2739
2513
1375
1442
1708
1829
673
435
2192
2369
1269
2522
1151
267
2270
2603
185
155
3019
2148
100
2190
2544
2099
2102
219
868
251
3051
2734
959
2297
351
1588
507
2222
3017
2864
463
2713
2006
2861
1691
230
2235
18
2523
692
2045
1139
1032
1874
2103
329
1135
917
903
2236
98
2765
1592
2330
1656
1398
2156
2411
1208
1692
1846
2835
3112
1559
1935
215
958
5
1162
558
2653
1857
2002
1520
2928
167
2980
2894
2625
154
1953
2277
2055
1999
2543
2224
807
942
233
2302
1889
2941
897
2272
554
956
545
2174
754
2660
1900
2764
159
2585
205
283
2041
1196
287
1582
2998
1437
245
2701
1579
1446
519
2695
1937
1816
118
1471
3056
1496
1159
845
1176
2015
1722
1130
697
1637
1052
2268
3003
407
2445
1717
2085
1066
2435
142
2460
165
7
1019
1192
2354
1524
1901
49
1213
95
1789
318
406
2776
2409
1653
3001
2189
2038
2684
2430
1626
1318
1426
2167
390
1648
843
2720
2060
2322
1521
1086
3044
2357
2368
1385
880
1875
2054
92
216
898
1516
716
590
2271
2296
334
2721
431
771
2372
75
1983
846
408
1897
292
1892
1689
1220
678
3060
2606
1294
795
2138
1026
1280
238
1956
1186
3032
1539
862
2505
2723
614
1117
1098
1848
3028
2308
2823
498
643
1822
132
2448
892
1954
707
2061
1815
1704
1083
510
2664
371
302
2340
2229
1397
2307
2564
2559
2318
108
443
2150
170
380
2883
34
1981
437
1796
2351
957
585
1047
1474
2796
3065
143
1987
3038
2316
499
2658
1354
2524
2831
1200
633
2657
2636
1863
1631
2345
1469
2687
1944
1498
514
1144
1132
85
3052
232
84
797
1891
2470
1180
10
364
612
3020
2194
2771
2067
22
2140
494
1380
1492
983
642
1877
2377
3072
1869
1114
916
231
821
2577
2925
2303
1301
487
1697
2223
173
385
1137
484
52
2755
3186
857
894
192
841
1332
1109
2439
240
1884
1372
1706
1279
2152
2326
2600
3193
2904
366
1153
2919
3064
3178
2463
2984
2418
1422
386
1074
1348
817
2195
2976
2410
1820
37
2551
2874
2363
1558
1813
1228
988
1630
2122
1053
3137
1611
2071
631
863
1711
3076
921
2107
3030
694
1211
1076
2252
189
780
2601
39
2561
1547
1127
544
2915
1802
2057
1881
2225
1571
2563
476
2040
129
2362
1036
836
3029
634
1738
1484
2556
2661
2178
762
3047
2594
184
2428
1997
1366
542
2856
2529
2955
1003
546
2220
3055
174
1104
640
2288
3086
1444
228
2506
2890
668
1534
2358
3176
2128
1480
2887
961
1526
1525
3058
1024
561
899
934
1448
93
1879
2275
602
1719
1256
1709
783
2906
2798
320
1703
6
1641
2120
327
1070
607
2502
392
2741
2134
347
805
241
1230
532
2520
749
1791
1986
2947
1500
2210
1745
858
2206
1766
89
2247
76
1405
826
2848
522
1919
341
1540
773
1878
1609
3174
2048
1613
3139
1373
1695
288
559
1149
703
1441
1779
1680
2597
1249
1493
1787
27
520
2975
209
1961
404
636
1817
2613
789
339
1764
1340
236
1121
1479
149
273
785
396
187
1001
982
218
1543
448
2200
2473
268
3116
261
51
319
1113
729
705
2953
2751
1949
1518
226
3099
828
451
1060
608
2849
908
1174
1685
1317
326
2961
1129
885
2677
1804
458
1553
2945
0
201
2935
1975
477
937
1566
293
2595
3040
1985
1245
475
791
413
549
1784
2335
2548
675
1417
2570
918
2123
1011
2988
1710
2116
2486
1207
1158
758
2574
1150
842
1955
1314
275
1665
1394
1312
1267
1078
1221
3070
2279
1607
274
2001
1702
993
630
2778
1913
849
680
1823
804
932
915
2472
1359
911
2446
438
338
2355
2455
2471
715
1035
2735
2641
2291
2528
2627
311
2706
547
2317
859
1727
2117
1080
1852
3189
713
1751
2680
1573
2154
1146
1229
418
2262
2434
945
2782
516
2053
2731
466
490
1356
1387
924
1125
2907
163
2273
1021
321
979
1445
1360
104
1237
2910
1808
803
2392
977
2686
3081
2747
2917
2637
446
1713
999
1894
2493
2535
3118
1143
866
2872
212
1729
733
81
1423
1253
1818
1368
1705
2668
3165
1048
2016
2842
1005
151
2484
823
2802
1483
726
1765
658
3083
2912
1393
1238
1283
2712
2605
2289
403
3002
2407
1275
1533
2858
1995
439
3138
1976
169
1111
971
736
527
2622
685
1264
346
147
1971
2644
1017
131
1682
802
2814
3127
769
2826
3144
946
1718
197
3181
2646
2619
506
2213
2332
3184
1126
2969
1308
2871
1748
2581
620
806
1466
2169
2490
444
1464
747
576
2965
1255
2250
2376
57
1545
2304
2932
595
2047
600
1315
2479
2315
752
153
2008
2749
1608
41
1634
1424
579
1599
861
2499
1554
1390
1454
257
1289
2052
2487
1763
333
2013
2616
1872
301
741
2496
647
2450
1463
1490
269
1260
1936
2090
2951
3162
3023
3123
48
1907
878
2655
2380
3082
503
239
627
253
2425
176
2311
1371
1649
1506
928
272
951
2960
210
412
1191
3084
1853
1199
289
2829
2840
1970
1136
2964
2958
708
882
1274
2238
2843
2727
2226
188
2803
1561
1477
1175
3098
2388
2359
123
2476
1352
2079
902
2248
472
2287
2573
2133
2017
1645
589
2629
1732
473
1825
2793
765
2106
989
1401
211
3100
2026
31
929
1508
3122
2319
1027
259
1335
432
13
2227
2131
202
2014
2767
2692
1270
646
15
1707
1973
2575
493
1333
860
1029
401
2352
770
234
2196
2334
55
1020
1948
2255
459
2203
1302
1605
1082
1419
1376
980
2913
851
2365
635
375
1054
3146
2916
964
1458
695
1550
3066
1124
2056
2705
1979
1827
1155
495
2746
1977
2609
1600
1142
2021
2373
1920
447
1495
1870
2623
1013
1812
331
2725
2036
2066
3010
2911
1921
603
1762
753
2697
2507
1998
1434
867
517
628
2035
2938
2416
693
2051
442
1241
666
926
30
2429
1396
2654
3129
2389
1769
2683
1382
2364
2901
941
2914
1319
1661
1773
2170
2777
1625
2137
398
344
1025
687
2832
1202
2517
2333
1744
1841
365
3110
126
2391
2905
582
1604
2366
2792
2415
243
543
1905
623
984
2209
3141
2541
2852
706
2934
2718
3093
1757
397
887
609
2617
2987
1730
2518
2586
889
2886
1912
1266
2662
374
1739
1010
1775
2261
3164
2454
246
835
113
2992
1562
1967
436
1409
968
2072
1670
409
2584
3166
2489
725
65
1624
824
670
17
2582
1824
411
2161
1597
1179
2963
3049
1184
978
1786
467
1868
3088
2342
1043
1248
2645
2043
59
2754
87
2458
2076
2180
2983
1591
1560
1203
1250
3079
876
1254
2909
1156
1580
1304
1188
2457
2895
2562
953
424
743
2640
1660
1602
1263
2451
2760
1102
1898
3087
1932
2193
74
2628
962
856
869
3048
265
2626
2113
1873
2142
35
904
2211
1415
2402
1933
1067
353
1272
966
648
2384
1292
651
135
277
358
2485
1693
350
2745
1753
790
2266
1429
914
1400
1350
2805
3021
723
2604
2791
1930
2550
1836
1459
271
1168
204
111
1528
1964
42
421
1386
2521
2614
2135
960
1034
1887
415
689
1271
416
530
175
1045
3026
2647
359
116
1407
3131
78
2208
2403
2669
774
1004
2968
427
3069
399
3113
1669
3182
2173
1746
1861
2761
3054
1929
905
2444
566
745
1231
1687
930
356
470
1991
2820
538
2576
1084
2165
931
3067
605
827
2114
250
468
382
3031
3025
1911
1210
1735
2387
638
1232
148
2399
1917
1331
2587
264
343
471
1326
756
2241
1212
208
2147
2064
1511
665
2979
1378
505
2825
2889
1145
2003
77
1826
2231
1882
2466
2259
225
2824
2728
1455
2320
776
552
1782
624
1092
2239
1610
2939
2188
2459
2527
2819
1257
2212
2532
2685
2108
1527
2659
1219
1287
1110
1285
24
1361
130
2565
1731
2787
2596
2155
2129
2074
1391
2092
2126
322
1715
881
160
1945
2804
1513
1632
244
2757
46
3091
1050
434
1100
2552
1369
1646
112
1286
2729
1768
1330
2110
584
425
1453
2500
139
2921
925
1055
1038
639
3074
1313
2395
2772
1856
524
879
33
304
2618
940
1435
478
3016
2830
1128
766
883
1395
1094
2908
1855
1585
1593
2866
2589
1259
3022
972
1416
2100
324
910
222
2995
1750
456
1009
672
1721
734
2495
3078
2750
2199
901
2967
1838
1077
2453
83
1214
525
2898
912
652
121
1623
1075
1946
379
2557
1549
2301
303
2611
613
2816
3008
3042
2982
567
1619
594
755
667
247
489
2207
2896
1843
1960
2431
2324
2885
855
2295
2240
1570
3183
1002
1412
1928
596
927
2269
190
998
2788
335
875
1886
2709
2700
1615
362
1821
1581
948
2989
181
2202
1185
2762
1468
895
279
2144
3191
465
664
191
3132
2464
1177
641
1860
1206
223
1798
1712
580
1803
1344
737
2175
469
1962
2966
11
1651
1896
1351
1449
2249
2097
1557
138
686
1899
1996
2514
1683
3090
757
2867
808
1246
508
886
3033
1969
501
1837
281
2283
224
1601
2375
2065
793
873
1834
2010
696
1042
512
1399
1291
14
282
2786
109
1904
3039
345
2095
2050
1365
1363
2850
1844
254
1062
1328
1166
1339
986
1799
3173
1676
1578
3135
792
2421
171
2310
63
2246
2305
719
1103
2468
2732
1622
2631
2027
1239
1620
1173
1258
578
1073
1388
1910
1320
455
19
2703
1942
1487
1224
1079
1756
637
317
2900
1963
565
1383
1278
2284
622
2321
1081
2811
2978
1771
1849
1574
1097
2752
1131
1321
3152
2638
2091
136
2591
1472
2204
1167
376
278
2069
312
1413
1475
1182
1675
2612
2828
2242
2744
290
1847
815
973
388
2094
156
2215
975
2675
3
540
1349
2228
2030
534
533
2025
2394
2381
2461
995
1747
255
3107
2023
2185
305
599
3015
1980
1652
2815
133
3179
1778
2542
393
1189
2651
3043
871
2536
308
900
2566
2851
12
616
179
811
800
2483
50
1814
2093
454
691
1918
954
632
2779
1507
1864
20
1065
601
1090
2338
214
134
2704
728
1699
1914
128
2157
82
2510
3013
744
2073
551
2378
2441
117
368
3063
4
996
2639
372
2974
1862
2201
1329
1171
200
1154
1876
2049
2602
1247
760
714
2465
2298
2834
2427
1327
1807
2674
88
2743
3045
2256
2944
847
2580
2954
739
276
2533
1542
1761
659
68
1556
2497
2331
3161
2891
2139
660
1922
2282
452
1244
1655
1572
1522
655
3121
1
1222
2549
2748
2325
688
2737
2031
198
987
556
1252
1205
64
1698
40
1273
677
482
2251
1831
681
2216
383
1157
2635
2583
1112
1643
2356
625
2218
2086
2443
814
2125
1924
2292
2478
144
2312
1016
414
8
2897
1633
1783
764
3155
105
2042
1577
2400
1934
1290
935
3059
1427
1421
2892
235
2059
1023
2877
511
3163
1085
3167
2845
798
939
1792
2005
1015
1640
1406
430
3103
2217
1204
2467
2037
1402
2265
1583
2997
2046
721
2634
2009
1379
3172
2959
2756
2643
1215
712
644
2667
2323
1118
1190
1218
2956
1780
913
349
1992
400
1022
1671
837
1106
2893
2991
3109
3005
701
1758
816
369
428
440
38
313
1839
740
654
291
2011
2809
2115
2433
29
2124
483
509
1408
67
2666
1830
2940
2033
1251
2719
537
199
2827
2082
1840
991
2715
649
